32
1 8 3 23 47 73 75 76 77 128
2 3 27 49 135
3 11 12 30 35 37 39 45 59 72 100 106 130
4 12 5 22 25 61 70 85 97 99 103 125 131 133
5 13 26 48 50 56 60 62 66 68 69 102 109 112 114
6 9 4 15 21 46 74 79 90 107 111
7 12 14 29 32 33 34 38 40 57 84 93 121 129
8 8 11 51 63 71 110 113 118 126
9 8 9 54 78 86 95 96 115 120
10 7 17 19 43 91 104 119 134
11 5 7 42 53 81 98
12 4 1 36 92 123
13 8 41 44 55 67 83 101 117 132
14 5 28 64 82 108 124
15 1 18
16 3 8 80 105
17 2 65 127
18 2 2 89
19 1 122
20 1 58
21 1 52
22 1 116
23 1 31
24 1 87
25 1 16
26 1 24
27 1 6
28 1 88
29 1 13
30 1 94
31 1 20
32 1 10
