120
1 221 1 2 5 7 8 11 12 18 19 20 27 29 33 34 35 36 39 40 43 44 47 48 52 53 54 55 57 58 59 60 61 66 67 69 71 72 76 78 79 81 85 86 87 89 92 94 97 98 99 100 102 104 107 109 113 115 116 119 120 121 122 124 127 131 132 133 134 136 139 140 143 146 151 154 155 158 159 160 162 163 164 167 168 169 170 172 174 178 179 180 181 183 184 185 193 194 198 199 200 202 205 207 208 209 210 211 215 218 220 223 224 226 227 229 230 232 235 237 239 240 242 246 251 252 254 255 257 259 260 263 264 267 268 269 270 271 274 275 276 277 282 283 284 285 294 298 300 303 304 307 309 312 316 319 321 323 324 325 328 330 342 343 345 351 353 354 357 359 362 365 367 369 370 371 375 378 383 386 395 400 403 404 407 412 415 416 423 426 429 430 434 435 437 438 439 440 442 444 445 446 450 455 458 459 466 467 470 472 476 479 482 483 486 491 492 494 495 498 500 502 505
2 1 507
3 168 3 4 9 10 15 16 17 22 24 25 26 28 32 45 49 50 51 62 63 64 75 77 80 88 91 93 96 101 105 108 111 112 125 128 129 137 145 148 149 150 156 157 161 165 166 171 173 175 176 177 182 187 188 189 191 192 196 197 201 203 204 206 212 216 225 233 234 236 238 241 243 247 249 253 261 262 265 272 279 280 281 286 287 288 291 293 295 297 299 301 306 310 313 315 317 318 331 333 335 338 339 341 344 346 347 348 350 355 356 358 364 366 372 373 374 377 379 380 381 382 384 385 387 388 389 390 391 393 394 396 398 402 405 406 410 411 413 414 417 418 422 427 431 436 448 451 453 454 457 460 462 463 464 468 471 473 474 478 481 485 487 488 490 493 496 497 503 506
4 1 289
5 1 349
6 1 475
7 1 504
8 1 332
9 1 190
10 1 103
11 1 219
12 1 461
13 1 399
14 1 110
15 1 84
16 1 195
17 1 311
18 1 117
19 1 424
20 1 106
21 1 213
22 1 501
23 1 326
24 1 336
25 1 245
26 1 320
27 1 21
28 1 6
29 1 70
30 1 361
31 1 392
32 1 419
33 1 214
34 1 425
35 1 222
36 1 30
37 1 489
38 1 31
39 1 499
40 1 258
41 1 456
42 1 421
43 1 441
44 1 248
45 1 428
46 1 130
47 1 123
48 1 302
49 1 152
50 1 273
51 1 138
52 1 153
53 1 142
54 1 360
55 1 477
56 1 290
57 1 41
58 1 221
59 1 37
60 1 250
61 1 334
62 1 480
63 1 231
64 1 14
65 1 305
66 1 296
67 1 141
68 1 114
69 1 469
70 1 82
71 1 452
72 1 376
73 1 38
74 1 465
75 1 322
76 1 352
77 1 266
78 1 118
79 1 73
80 1 217
81 1 433
82 1 292
83 1 90
84 1 408
85 1 186
86 1 228
87 1 420
88 1 340
89 1 56
90 1 83
91 1 409
92 1 327
93 1 74
94 1 432
95 1 337
96 1 147
97 1 95
98 1 449
99 1 278
100 1 68
101 1 314
102 1 447
103 1 46
104 1 126
105 1 329
106 1 244
107 1 401
108 1 42
109 1 308
110 1 484
111 1 23
112 1 144
113 1 443
114 1 135
115 1 368
116 1 65
117 1 397
118 1 13
119 1 363
120 1 256
